3.542207208842244881e-02
3.360213395004426479e-02
3.325909509644804640e-02
3.309871244168534343e-02
3.300516036426782984e-02
3.294165530599175301e-02
3.289503703762815257e-02
3.285697653931815565e-02
3.282252129615111785e-02
3.279234438964567788e-02
3.276539898533548795e-02
3.274145685633959857e-02
3.271939035645493599e-02
3.269922663748037195e-02
3.268058249879661481e-02
3.266326319863797900e-02
3.264729789565745666e-02
3.263163257115883620e-02
3.261749472418710299e-02
3.260375814762059982e-02
3.259116466960430142e-02
3.257924472241135322e-02
3.256770271284643165e-02
3.255687838872545203e-02
3.254632957980441166e-02
3.253649962095737230e-02
3.252713185773237897e-02
3.251821790563588777e-02
3.250954963605302145e-02
3.250140037956315148e-02
3.249361890404049019e-02
3.248619044599294903e-02
3.247899347646986817e-02
3.247147915606059948e-02
3.246481180904925434e-02
3.245849350461796345e-02
3.245234834144208880e-02
3.244646512428348006e-02
3.244013699914125720e-02
3.243461403962708683e-02
3.242934129908234264e-02
3.242430333180413432e-02
3.241923433850694980e-02
3.241458193467099125e-02
3.240977753165932840e-02
3.240468229600715344e-02
3.239973559817695137e-02
3.239561889127904465e-02
3.239165698925634135e-02
3.238770247823259674e-02
3.238391899164362597e-02
3.238032528221147094e-02
3.237685084395348911e-02
3.237287709116353634e-02
3.236944684997478811e-02
3.236628566492430470e-02
3.236324380057183092e-02
3.236027735257341470e-02
3.235743288987445732e-02
3.235464032375166138e-02
3.235187525620820959e-02
3.234923992044127367e-02
3.234667745631086833e-02
3.234420847433994162e-02
3.234175517542838690e-02
3.233944151275035261e-02
3.233693862695784238e-02
3.233459947416009173e-02
3.233246168608398807e-02
3.233038020832273290e-02
3.232795246653987625e-02
3.232588933367688822e-02
3.232392192003661485e-02
3.232200480176291441e-02
3.232015127013011802e-02
3.231830874502730766e-02
3.231651611107290434e-02
3.231476687765340305e-02
3.231302473308156342e-02
3.231136405076723284e-02
3.230976056197479990e-02
3.230801981772471465e-02
3.230638792608254983e-02
3.230486426517269888e-02
3.230325265767283044e-02
3.230178566833684373e-02
3.230030695067814123e-02
3.229891069295240391e-02
3.229754200180762203e-02
3.229621472408492067e-02
3.229486220065652669e-02
3.229357662300887111e-02
3.229233651246805198e-02
3.229100650631912262e-02
3.228982370885435244e-02
3.228862000126322962e-02
3.228748493753925974e-02
3.228633111382987059e-02
3.228523686202450227e-02
3.228409001495077812e-02
3.228297623040283365e-02
3.228192729596827265e-02
3.228091519597134362e-02
3.227990094330757120e-02
3.227890008289002050e-02
3.227794211716534384e-02
3.227699079153063810e-02
3.227603220588673438e-02
3.227513637715338779e-02
3.227425535055537115e-02
3.227336695199564676e-02
3.227235089051578437e-02
3.227143861263664926e-02
3.227053273543448175e-02
3.226972612355763492e-02
3.226884028202735982e-02
3.226806192067154661e-02
3.226726516069824968e-02
3.226651624966569987e-02
3.226577707681778373e-02
3.226503991969641855e-02
3.226433631292789650e-02
3.226363810623571193e-02
3.226295910142753381e-02
3.226217219860006563e-02
3.226151263622002024e-02
3.226086188173132863e-02
3.226019744530570638e-02
3.225956124230847794e-02
3.225895108490877544e-02
3.225834988564998257e-02
3.225775909072298164e-02
3.225716229883342917e-02
3.225622602152151963e-02
3.225558373615854124e-02
3.225502790868878950e-02
3.225447086761627780e-02
3.225391810942555143e-02
3.225339790105963278e-02
3.225288873666853212e-02
3.225235342146335477e-02
3.225182434338996762e-02
3.225128906335462259e-02
3.225077803492381462e-02
3.225030366657023057e-02
3.224969914228362211e-02
3.224920912995276473e-02
3.224876804833300137e-02
3.224830391034471527e-02
3.224786699677469060e-02
3.224727730185770330e-02
3.224673976808199727e-02
3.224622059503895466e-02
3.224580145838670808e-02
3.224538863666958494e-02
3.224495354150017090e-02
3.224457065529549166e-02
3.224414068237305142e-02
3.224377267564370458e-02
3.224342083500841838e-02
3.224307094294577569e-02
3.224272554540365959e-02
3.224238267049701900e-02
3.224205885688090356e-02
3.224174105049364830e-02
3.224143081949783218e-02
3.224112880842731899e-02
3.224079749071474127e-02
3.224049205408695967e-02
3.224012740304765118e-02
3.223984436304157958e-02
3.223942469559716584e-02
3.223913545068093911e-02
3.223878701537742641e-02
3.223851921999906084e-02
3.223825905970571087e-02
3.223800493639919496e-02
3.223758475703939613e-02
3.223727569615331134e-02
3.223703318304518839e-02
3.223679474220849522e-02
3.223655782077845811e-02
3.223632348028437900e-02
3.223610048851940219e-02
3.223587151940274231e-02
3.223562932184109719e-02
3.223540340492019735e-02
3.223519650835061229e-02
3.223499386944918971e-02
3.223459768519119223e-02
3.223440091853307932e-02
3.223419899288802043e-02
3.223399202308158823e-02
3.223377317113588353e-02
3.223354437274381090e-02
3.223336885858037182e-02
3.223317354314833572e-02
3.223299817709154164e-02
3.223282512422322860e-02
3.223264196254296138e-02
3.223247161476539696e-02
3.223231767721763258e-02
3.223214806268265981e-02
3.223197834515268562e-02
3.223182761798549373e-02
3.223168638689246496e-02
3.223150084843209862e-02
3.223136315732073875e-02
3.223122967205795109e-02
3.223109869044253617e-02
3.223095395881910713e-02
3.223078320072319397e-02
3.223065684967071215e-02
3.223052780404878775e-02
3.223040412400603183e-02
3.223028543256289263e-02
3.223017215109610922e-02
3.223003586231996259e-02
3.222992589906654992e-02
3.222981923549126521e-02
3.222966010142054583e-02
3.222954867188145694e-02
3.222944699731145057e-02
3.222934594070210601e-02
3.222925059452449309e-02
3.222909873071781034e-02
3.222898656971561610e-02
3.222889824673112052e-02
3.222880929754410456e-02
3.222872604790180673e-02
3.222862484595971633e-02
3.222853941683249956e-02
3.222844216995821021e-02
3.222832847199067624e-02
3.222825099367711971e-02
3.222817773458688806e-02
3.222809987937785142e-02
3.222802623388829057e-02
3.222795693066965450e-02
3.222788918300975580e-02
3.222782620631978179e-02
3.222774524308103655e-02
3.222765086607231461e-02
3.222758877328589511e-02
3.222753063266243362e-02
3.222747342322127700e-02
3.222740840370783705e-02
3.222735366687237701e-02
3.222729225187136864e-02
3.222723774038899203e-02
3.222718811235879277e-02
3.222713344853349315e-02
3.222708457459085712e-02
3.222703448488594552e-02
3.222693533991716208e-02
3.222688755744590461e-02
3.222684257427627097e-02
3.222679546625661223e-02
3.222675106469086170e-02
3.222670181163940495e-02
3.222666276078445247e-02
3.222662481839061455e-02
3.222657901461733337e-02
3.222601756442010357e-02
3.222585406391181850e-02
3.222576485354546744e-02
3.222568790353792095e-02
3.222564784031287100e-02
3.222561154973783981e-02
3.222556861594777500e-02
3.222553543806219722e-02
3.222550158872868054e-02
3.222546565182122374e-02
3.222543634714591931e-02
3.222540456159757316e-02
3.222537049593055675e-02
3.222532091028029039e-02
3.222529327714826475e-02
3.222526196441074381e-02
3.222516839740574568e-02
3.222503646200150507e-02
3.222499819568727664e-02
3.222496863321847038e-02
3.222494076550475733e-02
3.222491297473852739e-02
3.222488696802901231e-02
3.222485756799721435e-02
3.222483251324283898e-02
3.222480150041894670e-02
3.222477864274556070e-02
3.222475744883394194e-02
3.222473769527250953e-02
3.222467932118874834e-02
3.222464350922450704e-02
3.222462505606202288e-02
3.222459739246551907e-02
3.222457439171085014e-02
3.222455689163888914e-02
3.222453559400197814e-02
3.222451724095030945e-02
3.222449942912670312e-02
3.222448076348492091e-02
3.222446451065877349e-02
3.222444745848625225e-02
3.222443169364248156e-02
3.222441668803279619e-02
3.222439822891093320e-02
3.222438171130463658e-02
3.222436090577779355e-02
3.222434532560752851e-02
3.222433382067226015e-02
3.222432136613865433e-02
3.222430373720477914e-02
3.222428967425255281e-02
3.222427699872495999e-02
3.222426646052040100e-02
3.222425322904926698e-02
3.222423064296645739e-02
3.222421754526232779e-02
3.222420714766922878e-02
3.222419755671354635e-02
3.222417995712152650e-02
3.222416575289215046e-02
3.222415387407428361e-02
3.222414504957815673e-02
3.222413475641456443e-02
3.222412409052812649e-02
3.222410839709451136e-02
3.222410037100674474e-02
3.222408912559011213e-02
3.222406648510803967e-02
3.222405681503762165e-02
3.222404589125593688e-02
3.222403740872186589e-02
3.222403180123659117e-02
3.222402383749568139e-02
3.222401620470478900e-02
3.222399714406155857e-02
3.222399192908861898e-02
3.222398373452783210e-02
3.222397692226375981e-02
3.222396927001536238e-02
3.222396401442687019e-02
3.222395888472360387e-02
3.222395379512782432e-02
3.222394766301343166e-02
3.222394190429075933e-02
3.222393520968034469e-02
3.222392917605162305e-02
3.222392374764281031e-02
3.222391626624628025e-02
3.222390810045475118e-02
3.222390302560129705e-02
3.222389684142318994e-02
3.222389264854796237e-02
3.222388980584081630e-02
3.222388661390523240e-02
3.222388339166830373e-02
3.222387698540762901e-02
3.222386866963616175e-02
3.222386506349855101e-02
3.222386271331197788e-02
3.222386048468551395e-02
3.222385520607722736e-02
3.222385149656217113e-02
3.222384961880903759e-02
3.222384749634533974e-02
3.222384204196216545e-02
3.222383907160243643e-02
3.222382367555263333e-02
3.222382082854449020e-02
3.222381913577252593e-02
3.222381806479022309e-02
3.222381306944185897e-02
3.222380003256151287e-02
3.222379868224114347e-02
3.222379747479360568e-02
3.222379376098099407e-02
3.222379115973248581e-02
3.222378790820239897e-02
3.222378702454676419e-02
3.222378612303465617e-02
3.222378535137881972e-02
3.222378484896964990e-02
3.222378376107329356e-02
3.222378334124022942e-02
3.222378054844995954e-02
3.222377952559307007e-02
3.222377943331501682e-02
3.222377935260070658e-02
3.222377927299174133e-02
3.222377910035663373e-02
3.222377879291680319e-02
3.222377852413885885e-02
3.222377843430573874e-02
3.222377476398058382e-02
3.222377314387404879e-02
3.222376357238117967e-02
3.222376308315836463e-02
3.222376245599950506e-02
3.222376221224702852e-02
3.222376209638518063e-02
3.222376170069043283e-02
3.222376123047099306e-02
3.222375771618337520e-02
3.222375720522061004e-02
3.222375452480408936e-02
3.222375365555060767e-02
3.222375314757040116e-02
3.222375289900170775e-02
3.222374990160387087e-02
3.222374953154489435e-02
3.222373581006660048e-02
3.222372903656567367e-02
3.222372695578865770e-02
3.222372470253294374e-02
3.222372435004557806e-02
3.222372269278958590e-02
3.222372253812623433e-02
3.222372006166755731e-02
3.222371766232856594e-02
3.222371712956190182e-02
3.222371417544878797e-02
3.222371109551828289e-02
3.222370885778468030e-02
3.222370688977595904e-02
3.222370597948118892e-02
3.222370364664674247e-02
3.222370191469745015e-02
3.222370082692978255e-02
3.222369859866538316e-02
3.222369058736091613e-02
3.222368781383706110e-02
3.222368702394297346e-02
3.222368578827672358e-02
3.222368453977757230e-02
3.222368314970540382e-02
3.222368253275316452e-02
3.222368141619665755e-02
3.222368093114635207e-02
3.222367700499229048e-02
3.222367542373563015e-02
3.222367211899741096e-02
3.222366845133659008e-02
3.222362120937408148e-02
3.222361335977116936e-02
3.222361077814066277e-02
3.222360801390950630e-02
3.222359001538548096e-02
3.222357306916721897e-02
3.222356309894118531e-02
3.222356049763871327e-02
3.222355188638859752e-02
3.222353711182217306e-02
3.222352956506555760e-02
3.222350571764465155e-02
3.222350177061129861e-02
3.222349224746157148e-02
3.222348623557340364e-02
3.222348028093349748e-02
3.222347033435236929e-02
3.222344564375241582e-02
3.222342293211479664e-02
3.222340396379401450e-02
3.222337953073346056e-02
3.222333343680325313e-02
3.222329689306855510e-02
3.222325920762863366e-02
3.222323588882377438e-02
3.222317418213845042e-02
3.222313649027236382e-02
3.222307142769107596e-02
3.222300399281141647e-02
3.222296135141040907e-02
3.222293246187224458e-02
3.222286862656090906e-02
3.222280862805596002e-02
3.222267633966534317e-02
3.222259918173381310e-02
3.222251464815604344e-02
3.222233954934348998e-02
3.222225526951503355e-02
3.222218589420869361e-02
3.222212677433557854e-02
3.222200568842156082e-02
3.222197462497537745e-02
3.222206870518535410e-02
3.222196752508017098e-02
3.222173379954217098e-02
3.222181901000100573e-02
3.222135652549092816e-02
3.222241342788674523e-02
3.222441557359648212e-02
3.222601069431109411e-02
3.223069496013974272e-02
3.224090414942118454e-02
3.226312387678297033e-02
3.232069341445655691e-02
3.245738091060042241e-02
3.273320034141721097e-02
3.334339846250963801e-02
